102019007559
102019007604
102019007644
102019007698
102019007699
102019007754
102019007986
102019008031
102019008109
102019008166
102019008173
102019008196
102019008208
102019008247
102019008418
102019008467
102019008505
102019008627
102019008695
102019008778
102019008811
102019008907
102019008929
102019008962
102019009021
102019009101
102019009189
102019009242
102019009243
102019009244
102019009300
102019009466
102019009541
102019009665
102019009677
102019009698
102019009706
102019009716
102019009919
102019009921
102019009933
102019009964
102019009990
102019010065
102019010090
102019010132
102019010186
102019010284
102019010285
102019010332
102019010501
102019010517
102019010581
102019010649
102019010734
102019010859
102019010866
102019010939
102019011166
102019011297
102019011326
102019011386
102019011513
102019011600
102019011607
102019011658
102019011771
102019011839
102019011895
102019011902
102019012038
102019012313
102019012453
102019012701
102019012799
102019012891
102019013159
102019013196
102019013250
102019013336
102019013337
102019013454
102019013500
102019013536
102019013618
102019013703
102019013704
102019013755
102019013765
102019013781
102019013934
102019014038
102019014043
102019014044
102019014165
102019014292
102019014297
102019014302
102019014320
102019014372
102019014427
102019014449
102019014475
102019014503
102019014509
102019014520
102019014734
102019014764
102019014770
102019014802
102019014873
102019014892
102019015012
102019015079
102019015084
102019015154
102019015366
102019015386
102019015388
102019015414
102019015415
102019015491
102019015507
102019015537
102019015625
102019015735
102019015921
102019016046
102019016052
102019016087
102019016113
102019016270
102019016399
102019016416
102019016477
102019016629
102019016826
102019016991
102019017086
102019017285
102019017356
102019017726
102019017773
102019017783
102019017792
102019017935
102019017958
102019018113
102019018181
102019018195
102019018217
102019018291
102019018341
102019018355
102019018393
102019018453
102019018500
102019018501
102019018510
102019018512
102019018557
102019018609
102019018666
102019018735
102019018789
102019018825
102019019171
102019019299
102019019319
102019019344
102019019458
102019019528
102019019562
102019019689
102019019891
102019019908
102019020057
102019020099
102019020218
102019020259
102019020284
102019020328
102019020528
102019020778
102019020897
102019020899
102019020946
102019020981
102019021055
102019021155
102019021448
102019021480
102019021496
102019021510
102019021511
102019021513
102019021536
102019021552
102019021578
102019021619
102019021624
102019021713
102019021912
102019021925
102019022033
102019022048
102019022098
102019022100
102019022158
102019022171
102019022248
102019022373
102019022422
102019022442
102019022471
102019022599
102019022753
102019022987
102019022988
102019023026
102019023196
102019023313
102019023319
102019023354
102019023405
102019023411
102019023450
102019023473
102019023536
102019023868
102019023888
102019023968
102019024012
102019024026
102019024042
102019024050
102019024094
102019024150
102019024184
102019024188
102019024285
102019024313
102019024353
102019024460
102019024529
102019024598
102019024658
102019024672
102019024710
102019024715
102019024756
102019024762
102019024763
102019024766
102019024774
102019024792
102019024793
102019024828
102019024849
102019024970
102019025010
102019025014
102019025037
102019025066
102019025129
102019025251
102019025253
102019025322
102019025446
102019025506
102019025510
102019025559
102019025599
102019025603
102019025802
102019025820
102019026177
102019026180
102019026216
102019026231
102019026282
102019026364
102019026462
102019026470
102019026520
102019026639
102019026672
102019026675
102019026681
102019026730
102019026734
102019026823
102019026837
102019026842
102019026867
102019026897
102019026898
102019026904
102019027128
102019027141
102019027191
102019027197
102019027219
102019027362
102019027462
102019027487
102019027574
102019027644
102019027652
102019027711
102019027801
102019027964
102019027995
102019028036
102019028129
102019028154
102019028157
102019028281
102019028304
102020000001
102020000109
102020000177
102020000300
102020000574
102020000715
102020000868
102020000904
102020000922
102020000976
102020001194
102020001355
102020001442
102020001497
102020001533
102020001764
102020001836
102020001929
102020001994
102020002084
102020002162
102020002165
102020002239
102020002320
102020002418
102020002741
102020002745
102020002755
102020002917
102020003173
102020003268
102020003395
102020003463
102020003483
102020003518
102020003522
102020003525
102020003535
102020003555
102020003558
102020003563
102020003600
102020003681
102020003706
102020003989
102020004042
102020004046
102020004244
102020004250
102020004312
102020004349
102020004695
102020004814
102020004898
102020004928
102020004988
102020005135
102020005151
102020005172
102020005218
102020005327
102020005422
102020005423
102020005431
102020005590
102020005622
102020005627
102020005629
102020005666
102020005807
102020005817
102020005838
102020005876
102020005909
102020005931
102020006198
102020006268
102020006352
102020006364
102020006421
102020006448
102020006465
102020006483
102020006521
102020006524
102020006846
102020006927
102020007050
102020007085
102020007149
102020007159
102020007225
102020007233
102020007338
102020007416
102020007622
102020007749
102020007792
102020008111
102020008130
102020008136
102020008189
102020008254
102020008433
102020008460
102020008554
102020008589
102020008738
102020008759
102020008782
102020008811
102020008884
102020008903
102020008905
102020008945
102020009066
102020009079
102020009080
102020009107
102020009112
102020009231
102020009232
102020009375
102020009417
102020009449
102020009473
102020009493
102020009517
102020009591
102020009639
102020009640
102020009660
102020009664
102020009679
102020009691
102020009804
102020009872
102020009893
102020009936
102020009939
102020009954
102020010237
102020010290
102020010310
102020010354
102020010552
102020010675
102020010770
102020010771
102020010865
102020010872
102020010908
102020010923
102020010933
102020010934
102020010959
102020011064
102020011069
102020011122
102020011146
102020011199
102020011317
102020011436
102020011442
102020011596
102020011608
102020011648
102020011665
102020011679
102020011842
102020011946
102020011960
102020012224
102020012275
102020012400
102020012601
102020012645
102020012807
102020012831
102020012839
102020012884
102020012947
102020012982
102020013022
102020013108
102020013240
102020013265
102020013268
102020013276
102020013290
102020013294
102020013301
102020013331
102020013378
102020013422
102020013474
102020013494
102020013552
102020013568
102020013625
102020013639
102020013703
102020013747
102020013751
102020013834
102020013862
102020013887
102020013919
102020014012
102020014033
102020014087
102020014114
102020014250
102020014295
102020014387
102020014414
102020014445
102020014505
102020014550
102020014566
102020014663
102020014720
102020014753
102020014754
102020014895
102020014945
102020015154
102020015161
102020015186
102020015252
102020015304
102020015363
102020015441
102020015448
102020015514
102020015524
102020015622
102020015766
102020015774
102020015831
102020015881
102020016025
102020016062
102020016119
102020016150
102020016156
102020016245
102020016383
102020016437
102020016486
102020016496
102020016697
102020016736
102020016775
102020016782
102020016831
102020016898
102020017246
102020017438
102020017578
102020017584
102020017615
102020017809
102020017875
102020017928
102020017929
102020017996
102020018062
102020018108
102020018199
102020018281
102020018304
102020018323
102020018324
102020018371
102020018384
102020018452
102020018474
102020018619
102020018623
102020018643
102020018651
102020018700
102020018724
102020018748
102020018766
102020019102
102020019121
102020019182
102020019210
102020019225
102020019321
102020019331
102020019407
102020019508
102020019512
102020019515
102020019599
102020019797
102020019867
102020019899
102020020074
102020020146
102020020165
102020020166
102020020193
102020020194
102020020203
102020020264
102020020394
102020020543
102020020650
102020020653
102020020659
102020020958
102020020969
102020021079
102020021087
102020021141
102020021170
102020021444
102020021487
102020021522
102020021529
102020021576
102020021653
102020021850
102020021927
102020022039
102020022317
102020022413
102020022469
102020022510
102020022544
102020022584
102020022663
102020022717
102020022860
102020022866
102020022923
102020022958
102020022964
102020022999
102020023095
102020023268
102020023291
102020023302
102020023425
102020023469
102020023560
102020023617
102020023638
102020023664
102020023719
102020023722
102020023752
102020023772
102020023810
102020023886
102020023942
102020023996
102020024008
102020024075
102020024093
102020024253
102020024324
102020024371
102020024380
102020024390
102020024403
102020024433
102020024483
102020024539
102020024609
102020024620
102020024630
102020024795
102020024806
102020024914
102020025065
102020025092
102020025151
102020025170
102020025190
102020025389
102020025449
102020025471
102020025494
102020025513
102020025567
102020025595
102020025659
102020025685
102020025761
102020025823
102020025938
102020025951
102020025996
102020026019
102020026054
102020026128
102020026132
102020026146
102020026149
102020026172
102020026197
102020026200
102020026212
102020026220
102020026250
102020026307
102020026441
102020026454
102020026525
102020026678
102020026684
102020026689
102020026715
102020026752
102020026935
102020027082
102021000083
102021000174
102021000253
102021000270
102021000565
102021000764
102021000791
102021000894
102021001032
102021001047
102021001084
102021001086
102021001158
102021001478
102021001535
102021001585
102021001712
102021001917
102021002047
102021002107
102021002163
102021002166
102021002197
102021002341
102021002493
102021002511
102021002585
102021002848
102021002926
102021002958
102021003191
102021003263
102021003531
102021003691
102021003851
102021003922
102021004050
102021004132
102021004135
102021004142
102021004150
102021004154
102021004159
102021004247
102021004367
102021004387
102021004476
102021004572
102021004778
102021004783
102021004785
102021004854
102021005103
102021005125
102021005223
102021005224
102021005309
102021005313
102021005491
102021005534
102021005683
102021005757
102021005995
102021006020
102021006083
102021006117
102021006232
102021006486
102021006506
102021006559
102021006573
102021006624
102021006709
102021006820
102021006986
102021006995
102021007058
102021007300
102021007577
102021007605
102021007802
102021007872
102021008059
102021008065
102021008334
102021008367
102021008421
102021008455
102021008484
102021008497
102021008523
102021008608
102021008630
102021008718
102021008804
102021008815
102021008826
102021008868
102021008892
102021009124
102021009137
102021009144
102021009171
102021009223
102021009294
102021009404
102021009431
102021009516
102021009652
102021009716
102021009874
102021009898
102021009918
102021009954
102021010036
102021010052
102021010074
102021010270
102021010395
102021010440
102021010458
102021010467
102021010492
102021010501
102021010607
102021010674
102021010816
102021011096
102021011150
102021011153
102021011530
102021011533
102021011568
102021011622
102021011675
102021011689
102021011811
102021011836
102021011893
102021012388
102021012404
102021012552
102021012711
102021012761
102021012762
102021012765
102021012814
102021012874
102021012993
102021013001
102021013005
102021013053
102021013060
102021013309
102021013367
102021013480
102021013568
102021013573
102021013780
102021013801
102021013805
102021014160
102021014282
102021014426
102021014648
102021014683
102021014726
102021014751
102021014920
102021014927
102021014928
102021015233
102021015250
102021015605
102021015691
102021015769
102021015850
102021015857
102021015910
102021016189
102021016255
102021016273
102021016325
102021016370
102021016375
102021016445
102021016487
102021016873
102021016932
102021016989
102021017019
102021017441
102021017715
102021017813
102021017935
102021017964
102021018033
102021018052
102021018060
102021018167
102021018200
102021018203
102021018330
102021018480
102021018580
102021018590
102021018623
102021018835
102021018969
102021019138
102021019332
102021019363
102021019485
102021019505
102021019549
102021019751
102021019778
102021019909
102021020044
102021020550
102021020567
102021020586
102021020726
102021020738
102021020743
102021020920
102021020985
102021021066
102021021085
102021021126
102021021376
102021021536
102021021677
102021021924
102021021934
102021021944
102021022038
102021022166
102021022177
102021022249
102021022250
102021022251
102021022464
102021022678
102021022954
102021023095
102021023325
102021025090
102021025093
112012000025
112012000026
112012000029
112012000030
112012000031
112012000032
112012000035
112012000036
112012000051
112012000076
112012000078